00000
01100
00010
01110
10010
10010
01110
00000
10000
10000
11100
10010
10010
11100
00000
01110
10000
10000
10000
10000
01110
00000
00010
00010
01110
10010
10010
01110
00000
00000
01110
10010
11110
10000
01110
00000
00110
00100
01110
00100
00100
00100
01110
10001
01110
01000
01110
10001
01110
00000
10000
10100
11010
10010
10010
10010
00000
00100
00000
00100
00100
00100
00100
00000
00100
00000
00100
00100
10100
01000
00000
10000
10000
10100
11000
10100
10010
00000
00100
00100
00100
00100
00101
00010
00000
00000
01010
10101
10101
10101
10101
00000
00000
10100
11010
10010
10010
10010
00000
00000
01110
10001
10001
10001
01110
00000
11100
10010
10010
11100
10000
10000
00000
01110
10010
10010
01110
00010
00010
00000
00000
01010
01101
01000
01000
01000
01100
10010
10000
01100
00010
10010
01100
00000
00100
00100
01110
00100
00101
00010
00000
00000
10010
10010
10010
10010
01100
00000
00000
10001
10001
01010
01010
00100
00000
00000
10101
10101
10101
10101
01010
00000
00000
10001
01010
00100
01010
10001
00000
00000
10001
01010
00100
01000
10000
00000
00000
11111
00010
00100
01000
11111
